14
1
67
54
88
23
5
13
45
61
85
20
49
35
26
50
45
75
95
65
34
85
62
28
33
52
23
37
95
61
18
20
78
47
96
26
61
87
55
84
77
5
72
54
38
36
51
87
18
47
58
51
73
80
43
19
53
63
12
14
56
88
60
89
64
39
60
3
91
89
95
56
65
48
71
99
68
7
6
93
47
27
55
7
75
26
23
13
34
99
50
43
1
32
98
63
69
53
18
0
34
53
52
69
17
81
35
65
0
41
52
7
69
59
68
98
72
29
14
27
13
51
75
52
66
17
36
89
85
35
55
14
2
19
39
83
77
73
66
13
91
14
44
22
88
94
22
68
56
35
9
71
22
76
42
84
43
36
87
99
43
48
23
49
0
99
55
91
68
47
97
58
16
58
18
12
79
73
85
9
43
46
71
87
25
73
94
28
88
31
30
5
92
70
66
61
2
61
20
0
15
24
88
2
27
34
55
56
31
83
97
60
38
1
60
46
37
6
60
68
50
79
5
8
56
21
0
33
66
13
91
54
29
76
51
79
16
44
51
30
27
89
70
99
84
95
49
97
55
53
41
40
71
81
77
67
58
94
13
70
38
19
51
34
11
58
33
50
23
97
36
30
68
18
68
80
45
26
90
10
2
75
63
95
45
3
74
42
67
41
9
88
56
64
80
95
89
58
84
95
44
58
72
73
10
59
15
12
13
5
58
23
99
31
95
50
91
58
90
5
79
33
40
51
20
46
11
9
31
1
23
9
68
5
51
82
21
39
71
50
40
4
97
8
46
11
9
21
69
39
28
5
13
62
90
63
84
62
52
28
92
31
45
42
34
32
0
82
52
63
47
84
50
38
59
95
78
47
49
40
20
72
45
9
90
77
18
35
57
92
2
93
0
11
40
92
69
81
55
47
3
46
29
48
24
97
25
98
84
76
71
18
58
23
91
5
74
66
26
56
24
57
29
31
57
86
22
8
79
85
37
11
20
45
43
63
72
88
23
60
48
45
27
45
29
10
98
26
52
0
80
62
80
75
1
58
77
63
96
22
28
61
1
14
41
40
42
73
24
75
92
58
9
31
60
67
55
79
16
71
77
96
49
37
21
12
68
75
65
59
30
53
74
76
75
14
63
58
55
90
7
18
80
54
33
26
12
17
78
80
48
76
45
33
61
16
67
2
95
1
56
25
56
94
94
77
84
49
13
11
92
45
77
73
83
18
57
45
73
75
13
15
27
65
35
32
12
36
82
83
68
84
7
74
78
66
61
18
11
54
40
20
90
47
75
28
42
18
8
28
57
56
4
18
59
39
84
0
50
21
74
5
18
64
50
29
20
2
62
17
85
25
52
29
13
0
47
7
57
88
72
72
78
61
64
27
36
25
79
34
67
15
52
74
42
34
44
51
74
5
57
24
69
51
44
93
64
20
55
70
3
50
53
69
69
86
31
85
20
39
82
77
7
10
95
52
43
93
86
67
23
81
54
26
20
23
1
96
25
62
66
57
52
55
85
58
42
43
71
20
66
18
66
54
74
69
94
33
97
49
28
30
5
44
13
99
93
81
51
72
23
11
99
44
13
8
66
80
9
4
75
59
87
9
90
97
83
89
11
56
57
31
1
83
50
52
95
58
72
86
45
66
21
15
89
3
29
43
64
82
6
92
11
84
33
40
36
1
44
66
38
24
30
66
90
3
40
69
70
49
2
48
24
69
49
86
25
43
8
18
88
85
41
0
39
58
52
47
85
26
75
88
33
99
33
50
70
6
97
93
64
39
74
37
88
70
81
48
16
86
3
44
22
36
66
4
91
45
55
7
0
25
26
42
25
24
81
59
39
11
22
66
0
52
97
1
76
84
19
56
55
9
73
10
42
8
56
16
48
53
30
7
43
62
67
98
75
22
11
70
75
99
23
61
90
0
98
22
13
56
33
51
64
20
99
87
31
96
33
19
80
66
54
19
71
12
83
50
46
95
57
22
18
1
44
86
74
99
49
22
63
29
36
97
29
12
28
7
34
77
59
43
53
68
46
88
47
67
98
39
58
86
54
67
50
33
37
77
96
9
63
48
41
5
36
42
53
31
69
98
59
70
40
26
82
71
82
32
25
93
92
32
47
15
64
81
80
92
74
49
89
30
27
45
60
4
5
70
33
86
25
29
17
8
62
64
51
15
91
82
74
3
45
35
29
22
19
17
39
10
62
87
0
82
17
43
0
27
30
32
71
82
72
59
13
3
22
7
41
68
12
51
57
55
96
54
48
79
91
50
